%YAML:1.0
---
cameraMatrix: !!opencv-matrix
   rows: 3
   cols: 3
   dt: d
   data: [ 1.1081446881657132e+03, 0., 9.6320640516391495e+02, 0.,
       1.1010004337305515e+03, 4.9702324100663424e+02, 0., 0., 1. ]
distortionCoefficients: !!opencv-matrix
   rows: 1
   cols: 5
   dt: d
   data: [ 7.7971854855762232e-02, 6.7983024160570421e-03,
       -2.1910473348482552e-02, -2.0268782523698535e-03,
       -6.6039379827922517e-02 ]
rotation: !!opencv-matrix
   rows: 3
   cols: 3
   dt: d
   data: [ 1., 0., 0., 0., 1., 0., 0., 0., 1. ]
projection: !!opencv-matrix
   rows: 4
   cols: 4
   dt: d
   data: [ 1.1081446881657132e+03, 0., 9.6320640516391495e+02, 0., 0.,
       1.1010004337305515e+03, 4.9702324100663424e+02, 0., 0., 0., 1.,
       0., 0., 0., 0., 1. ]
