%YAML:1.0
---
rotation: !!opencv-matrix
   rows: 3
   cols: 3
   dt: d
   data: [ 9.9993811381885978e-01, -4.0151052358057019e-03,
       1.0375329504476165e-02, 3.7732255148571680e-03,
       9.9972306597520866e-01, 2.3228304422461824e-02,
       -1.0465720309423467e-02, -2.3187718453395418e-02,
       9.9967634682997830e-01 ]
translation: !!opencv-matrix
   rows: 3
   cols: 1
   dt: d
   data: [ -5.3029670105314168e-02, -9.4954635312314390e-04,
       1.3485350506708783e-02 ]
essential: !!opencv-matrix
   rows: 3
   cols: 3
   dt: d
   data: [ -4.0945582056085745e-05, -1.3459598140822570e-02,
       -1.2624808562493044e-03, 1.2929522254441373e-02,
       -1.2837821615046263e-03, 5.3152421839469839e-02,
       7.4939468503970369e-04, -5.3018796913872610e-02,
       -1.2219374643355344e-03 ]
fundamental: !!opencv-matrix
   rows: 3
   cols: 3
   dt: d
   data: [ 5.4074331788211607e-07, 1.7859908634025395e-04,
       -2.7963244768384833e-02, -1.7186030146916964e-04,
       1.7145393425770734e-05, -2.2865380724732676e-01,
       7.3930632102488500e-02, 5.9905351283080388e-01, 1. ]
