%YAML:1.0
---
cameraMatrix: !!opencv-matrix
   rows: 3
   cols: 3
   dt: d
   data: [ 3.8124184046032241e+02, 0., 2.5589039321186820e+02, 0.,
       3.7943512373708023e+02, 1.9138534729793557e+02, 0., 0., 1. ]
distortionCoefficients: !!opencv-matrix
   rows: 1
   cols: 5
   dt: d
   data: [ 1.3226605615544543e-01, -2.8784198516387305e-01,
       -1.1779453829050157e-02, 1.1189553468972547e-03,
       5.6620456916596701e-02 ]
rotation: !!opencv-matrix
   rows: 3
   cols: 3
   dt: d
   data: [ 1., 0., 0., 0., 1., 0., 0., 0., 1. ]
projection: !!opencv-matrix
   rows: 4
   cols: 4
   dt: d
   data: [ 3.8124184046032241e+02, 0., 2.5589039321186820e+02, 0., 0.,
       3.7943512373708023e+02, 1.9138534729793557e+02, 0., 0., 0., 1.,
       0., 0., 0., 0., 1. ]
