%YAML:1.0
---
depthShift: 4.2474167448028069e+01
